1 0 0 0 0 1 0 0 0 0 1 0 
0.999029 0.0440231 -0.00189205 0.990454 -0.0440251 0.99903 -0.00100672 -0.0379241 0.0018459 0.00108904 0.999998 0.022061 
0.995976 0.0893961 -0.00636 2.01918 -0.0894245 0.995984 -0.00433337 -0.109653 0.00594707 0.00488468 0.99997 0.0334761 
0.990836 0.134712 -0.00982039 2.9687 -0.134757 0.99087 -0.00414706 -0.228127 0.00917207 0.00543242 0.999943 0.0662606 
0.983367 0.181201 -0.0124614 3.98664 -0.181243 0.983435 -0.00236853 -0.373559 0.0118258 0.00458768 0.99992 0.0644287 
0.973867 0.226764 -0.0126981 4.93997 -0.226836 0.973923 -0.00450379 -0.594287 0.0113456 0.00726647 0.999909 0.0981748 
0.962036 0.27255 -0.0142683 5.90111 -0.272649 0.962098 -0.00551004 -0.84382 0.0122257 0.00919108 0.999883 0.118644 
0.948282 0.316927 -0.0178474 6.88514 -0.317107 0.948354 -0.00826605 -1.15514 0.0143059 0.0134981 0.999807 0.135215 
0.933244 0.358709 -0.019611 7.75922 -0.358939 0.93331 -0.00976427 -1.48384 0.0148006 0.0161516 0.99976 0.197364 
0.91565 0.401415 -0.0212406 8.66861 -0.401679 0.915727 -0.00987508 -1.86998 0.0154866 0.017574 0.999726 0.189753 
0.895735 0.444091 -0.0210085 9.57758 -0.444363 0.895785 -0.0105301 -2.31009 0.0141428 0.0187676 0.999724 0.223185 
0.874074 0.485379 -0.0200557 10.4354 -0.485633 0.874101 -0.0104195 -2.75372 0.0124732 0.0188471 0.999745 0.26107 
0.849543 0.527129 -0.0202837 11.3024 -0.527391 0.849557 -0.0105708 -3.26445 0.01166 0.0196778 0.999738 0.273008 
0.823854 0.566424 -0.0207084 12.0915 -0.5667 0.82385 -0.0110988 -3.79108 0.010774 0.0208792 0.999724 0.294646 
0.7967 0.603971 -0.0220921 12.8717 -0.604293 0.796661 -0.0126796 -4.35915 0.00994184 0.023452 0.999676 0.334304 
0.766943 0.641262 -0.0241012 13.6503 -0.641629 0.766914 -0.0124473 -4.99501 0.0105015 0.0250104 0.999632 0.333579 
0.737064 0.675325 -0.0259479 14.361 -0.675766 0.736957 -0.0152979 -5.62352 0.00879142 0.0288103 0.999546 0.369309 
0.704691 0.709035 -0.0260863 15.0512 -0.709471 0.70458 -0.0147587 -6.29176 0.00791545 0.0289078 0.999551 0.391958 
0.669558 0.742223 -0.0282324 15.7225 -0.742712 0.669463 -0.0140777 -7.00911 0.00845173 0.0303944 0.999502 0.391522 
0.634423 0.77235 -0.0313572 16.3269 -0.772941 0.6343 -0.0149991 -7.72993 0.00830531 0.033753 0.999396 0.42488 
0.597276 0.801372 -0.0326292 16.9214 -0.801992 0.597176 -0.0138082 -8.48901 0.00841983 0.0344157 0.999372 0.441196 
0.55976 0.827885 -0.0357039 17.4487 -0.828603 0.559685 -0.0129976 -9.27479 0.00922244 0.0368599 0.999278 0.469439 
0.520687 0.852799 -0.0402501 17.9548 -0.85368 0.520663 -0.0119037 -10.0822 0.0108053 0.0405588 0.999119 0.489364 
0.48092 0.875725 -0.0426775 18.4459 -0.876696 0.48092 -0.0109514 -10.9316 0.010934 0.0426819 0.999029 0.493786 
0.442828 0.895425 -0.0460153 18.8605 -0.896565 0.442721 -0.0130444 -11.7664 0.00869171 0.0470321 0.998856 0.509195 
0.405914 0.912574 -0.0494309 19.2574 -0.913882 0.405741 -0.0139318 -12.6574 0.00734237 0.0508291 0.99868 0.53895 
0.369498 0.927843 -0.0507729 19.6233 -0.929202 0.369373 -0.0121665 -13.5559 0.00746554 0.0516737 0.998636 0.550863 
0.336225 0.940401 -0.0509771 19.9632 -0.941768 0.336021 -0.0127745 -14.4564 0.00511625 0.0523037 0.998618 0.560454 
0.302436 0.951728 -0.0523996 20.2696 -0.953168 0.302094 -0.0145054 -15.4189 0.00202447 0.0543326 0.998521 0.564867 
0.270079 0.961384 -0.0528898 20.5508 -0.962838 0.269673 -0.0148011 -16.362 3.34587e-05 0.0549218 0.998491 0.584296 
0.237429 0.970097 -0.0503981 20.7942 -0.971405 0.237101 -0.0124868 -17.3329 -0.000163922 0.0519217 0.998651 0.594882 
0.205748 0.977312 -0.0502884 21.0222 -0.978605 0.205473 -0.0106316 -18.3298 -5.75259e-05 0.0513999 0.998678 0.580602 
0.175319 0.983149 -0.0517877 21.2001 -0.98451 0.174995 -0.0107728 -19.3014 -0.00152866 0.0528742 0.9986 0.588215 
0.144794 0.98803 -0.053207 21.3679 -0.989455 0.144384 -0.0114895 -20.3245 -0.0036697 0.0543095 0.998517 0.596231 
0.113708 0.992148 -0.0520863 21.5154 -0.993495 0.113222 -0.0122011 -21.3658 -0.00620797 0.0531349 0.998568 0.598484 
0.0842706 0.995063 -0.052424 21.6131 -0.99641 0.0837223 -0.0125725 -22.4166 -0.00812133 0.0532953 0.998546 0.591864 
0.0566499 0.996882 -0.0549193 21.6856 -0.998349 0.05604 -0.0125838 -23.4945 -0.00946691 0.0555416 0.998411 0.584583 
0.0316103 0.997758 -0.058991 21.7312 -0.999444 0.0309272 -0.012455 -24.5653 -0.0106027 0.0593519 0.998181 0.5823 
0.00864631 0.997946 -0.0634715 21.7297 -0.999897 0.0078997 -0.0120042 -25.6485 -0.0114781 0.0635688 0.997911 0.567558 
-0.0129277 0.997531 -0.0690266 21.7306 -0.999824 -0.0138344 -0.0126735 -26.7718 -0.0135972 0.0688507 0.997534 0.57256 
-0.0298302 0.996846 -0.0735448 21.6972 -0.999436 -0.0308815 -0.0131991 -27.8858 -0.0154286 0.0731096 0.997205 0.556312 
-0.0453374 0.996019 -0.0767517 21.6544 -0.998829 -0.0464964 -0.01338 -29.0034 -0.0168954 0.0760552 0.99696 0.544727 
-0.0600222 0.995051 -0.0791827 21.5913 -0.998017 -0.0613265 -0.0141426 -30.1522 -0.0189286 0.0781768 0.99676 0.532605 
-0.0728444 0.994154 -0.0796922 21.5088 -0.997121 -0.0742816 -0.0152169 -31.301 -0.0210477 0.0783544 0.996703 0.513441 
-0.0847902 0.993189 -0.0799181 21.4244 -0.99616 -0.0862538 -0.0150354 -32.4457 -0.0218263 0.0783363 0.996688 0.501646 
-0.0968474 0.992095 -0.0798039 21.3222 -0.99509 -0.098158 -0.0126573 -33.6038 -0.0203906 0.0781863 0.99673 0.478336 
-0.106881 0.99105 -0.0799809 21.1995 -0.994109 -0.107972 -0.00943608 -34.775 -0.0179874 0.0785012 0.996752 0.461016 
-0.117159 0.989853 -0.0804062 21.0573 -0.992975 -0.118108 -0.00713325 -35.9847 -0.0165575 0.0790056 0.996737 0.441371 
-0.124257 0.989011 -0.0801057 20.9151 -0.992122 -0.125135 -0.00600956 -37.2095 -0.0159676 0.0787278 0.996768 0.420456 
-0.13026 0.988236 -0.0801435 20.7678 -0.991358 -0.131085 -0.00509764 -38.4478 -0.0155432 0.0787869 0.99677 0.396782 
-0.135796 0.987457 -0.0805467 20.5992 -0.990623 -0.136561 -0.00403731 -39.7115 -0.0149862 0.0792432 0.996743 0.380532 
-0.140211 0.9869 -0.0798137 20.4293 -0.990029 -0.140844 -0.00232584 -40.9964 -0.0135366 0.0786918 0.996807 0.360942 
-0.144355 0.986296 -0.0798913 20.2542 -0.989436 -0.144959 -0.001792 -42.3023 -0.0133484 0.0787887 0.996802 0.349336 
-0.147546 0.985809 -0.0800659 20.0703 -0.988952 -0.148219 -0.00249397 -43.6536 -0.0143259 0.0788133 0.996786 0.333245 
-0.148995 0.985525 -0.0808712 19.8696 -0.988697 -0.149856 -0.00464487 -44.9842 -0.0166967 0.0792651 0.996714 0.311274 
-0.151106 0.985148 -0.0815494 19.6614 -0.988362 -0.152033 -0.00523562 -46.3698 -0.017556 0.0798091 0.996656 0.284983 
-0.153851 0.984626 -0.0827098 19.438 -0.987925 -0.154833 -0.00555603 -47.7684 -0.0182768 0.0808562 0.996558 0.267149 
-0.153889 0.984527 -0.0838109 19.2378 -0.987927 -0.15484 -0.0049196 -49.172 -0.0178207 0.0820421 0.99647 0.230093 
-0.154002 0.984445 -0.0845679 19.0327 -0.987917 -0.15492 -0.0043654 -50.6083 -0.0173988 0.0828738 0.996408 0.218992 
-0.15032 0.984993 -0.0848154 18.7996 -0.988503 -0.151163 -0.0035623 -52.0866 -0.0163298 0.0833048 0.99639 0.177041 
-0.137492 0.986947 -0.0838521 18.623 -0.990404 -0.138181 -0.00243499 -53.5823 -0.01399 0.0827127 0.996475 0.168637 
-0.0654504 0.99462 -0.0802911 18.4864 -0.997829 -0.0658273 -0.00205319 -54.9744 -0.00732748 0.0799824 0.996769 0.14626 
0.165951 0.984 -0.0648433 18.5262 -0.986098 0.166146 -0.00241582 -56.2486 0.00839626 0.0643428 0.997893 0.115889 
0.552096 0.832348 -0.0488577 18.7962 -0.833352 0.552742 -0.000332503 -57.2626 0.026729 0.0408993 0.998806 0.161626 
0.892486 0.449159 -0.0415298 19.3847 -0.449256 0.893372 0.00750447 -57.9203 0.0404723 0.0119599 0.999109 0.181949 
0.996015 -0.0765632 -0.0457314 20.2311 0.07721 0.996936 0.012546 -58.0643 0.0446307 -0.0160269 0.998875 0.188728 
0.816245 -0.574723 -0.0586377 20.9901 0.576303 0.817127 0.0133608 -57.7749 0.0402357 -0.0446988 0.99819 0.226241 
0.410101 -0.9089 -0.0756171 21.4675 0.911644 0.410954 0.00462342 -57.1522 0.0268729 -0.0708319 0.997126 0.29964 
-0.0986441 -0.99162 -0.0834265 21.5699 0.99511 -0.0987196 -0.00322906 -56.3413 -0.00503384 -0.0833371 0.996509 0.364533 
-0.591801 -0.802194 -0.0790992 21.2648 0.805023 -0.593203 -0.00693871 -55.6012 -0.0413557 -0.067783 0.996843 0.300175 
-0.914541 -0.398182 -0.0711691 20.6359 0.399705 -0.916609 -0.00800491 -55.1125 -0.0620468 -0.0357675 0.997432 0.241563 
-0.992776 0.101165 -0.0645077 19.8477 -0.10101 -0.994869 -0.00567286 -55.0253 -0.0647506 0.000884037 0.997901 0.215122 
-0.834946 0.546502 -0.0648182 19.1772 -0.547566 -0.836761 -0.00159244 -55.3136 -0.0551076 0.0341626 0.997896 0.189596 
0.653948 0.755594 -0.037805 18.8649 -0.756291 0.654197 -0.00707548 -55.7336 0.0193857 0.0332186 0.99926 0.18615 
0.967747 -0.249066 -0.0378386 19.1339 0.249622 0.968284 0.0106877 -55.973 0.0339766 -0.0197883 0.999227 0.223133 
0.587381 -0.807796 -0.0494877 19.3747 0.809123 0.587463 0.0143992 -55.8427 0.0174406 -0.0484994 0.998671 0.184244 
0.520507 -0.852625 -0.045868 19.4336 0.853756 0.52052 0.0125933 -55.644 0.0131379 -0.045715 0.998868 0.196201 
0.80327 -0.594559 -0.0354462 19.4311 0.595234 0.803462 0.0120798 -55.5239 0.0212975 -0.0308021 0.999299 0.251241 
0.991674 -0.125411 -0.0292428 19.4773 0.125738 0.992017 0.00961583 -55.486 0.0278035 -0.0132127 0.999526 0.315208 
0.928642 0.369565 -0.0323459 19.5145 -0.369623 0.929171 0.004385 -55.4683 0.0316755 0.00788373 0.999467 0.28198 
0.63871 0.768223 -0.0433858 19.5414 -0.768926 0.639338 0.000759117 -55.5045 0.0283213 0.0328756 0.999058 0.252861 
0.207661 0.976529 -0.0571677 19.5385 -0.978143 0.207929 -0.00129354 -55.552 0.0106237 0.0561868 0.998364 0.185649 
-0.225366 0.97206 -0.0656478 19.5039 -0.974089 -0.226124 -0.00424638 -55.5801 -0.0189723 0.0629899 0.997834 0.164905 
-0.665183 0.743141 -0.0726087 19.4628 -0.744955 -0.667107 -0.00307375 -55.5639 -0.050722 0.0520456 0.997356 0.104311 
-0.926247 0.369906 -0.0723555 19.4419 -0.370792 -0.928715 -0.00127913 -55.5263 -0.0676708 0.025644 0.997378 0.132406 
-0.996561 -0.0527035 -0.0639438 19.4634 0.0524443 -0.998607 0.00572606 -55.4796 -0.0641565 0.00235288 0.997937 0.10912 
0.957733 -0.287456 -0.0107618 19.4448 0.287535 0.957747 0.0066929 -55.4448 0.00838316 -0.00950441 0.99992 0.15587 
0.89613 0.443233 -0.0222481 19.4586 -0.443505 0.896227 -0.00902066 -55.4665 0.0159411 0.0179508 0.999712 0.266251 
0.812552 0.582314 -0.0258773 19.4822 -0.582682 0.812644 -0.00950433 -55.4748 0.0154946 0.022801 0.99962 0.316963 
0.878746 0.476732 -0.0230652 19.5116 -0.476998 0.878873 -0.00748253 -55.506 0.0167042 0.0175773 0.999706 0.373932 
0.953134 0.301504 -0.0251332 19.5672 -0.301743 0.953369 -0.0062612 -55.5399 0.0220734 0.0135515 0.999664 0.41128 
0.993989 0.105177 -0.0303871 19.6338 -0.105349 0.994427 -0.00413281 -55.5905 0.0297831 0.00730923 0.99953 0.372904 
0.994613 -0.0959058 -0.0393347 19.6962 0.0959686 0.995384 -0.000292143 -55.626 0.0391812 -0.00348433 0.999226 0.301118 
0.954644 -0.293527 -0.0499747 19.7722 0.293952 0.95582 0.00120281 -55.6537 0.0474138 -0.0158384 0.99875 0.225879 
0.875798 -0.479043 -0.0591311 19.8336 0.479935 0.877303 0.00102246 -55.6731 0.0513861 -0.0292746 0.99825 0.180832 
0.762097 -0.644285 -0.0640707 19.8853 0.645638 0.763643 0.000532703 -55.6761 0.048584 -0.0417725 0.997945 0.197776 
0.61859 -0.783022 -0.0649832 19.9429 0.784617 0.619979 -0.00154282 -55.6688 0.0414963 -0.0500326 0.997885 0.187333 
0.451052 -0.890214 -0.0638095 19.9824 0.891952 0.452123 -0.00265358 -55.6314 0.031212 -0.0557181 0.997959 0.181755 
0.265153 -0.962284 -0.0608584 20.0234 0.964061 0.26568 -0.000592545 -55.5437 0.0167391 -0.0585141 0.998146 0.185905 
0.0667509 -0.995843 -0.0619732 20.0579 0.997762 0.0668604 0.000308881 -55.4616 0.00383595 -0.0618551 0.998078 0.193175 
-0.133644 -0.988838 -0.0658743 20.069 0.99101 -0.133765 -0.00259453 -55.379 -0.00624607 -0.0656288 0.997825 0.210963 
-0.328482 -0.94213 -0.0670119 20.0628 0.944334 -0.328964 -0.00403398 -55.2961 -0.0182439 -0.0646067 0.997744 0.212735 
-0.510683 -0.857391 -0.0639026 20.0257 0.859226 -0.511591 -0.00247904 -55.2165 -0.0305665 -0.0561728 0.997953 0.16303 
-0.670844 -0.739065 -0.061249 19.9558 0.740376 -0.67219 0.00187439 -55.1358 -0.0425563 -0.0440899 0.998121 0.158506 
-0.804818 -0.59063 -0.0585141 19.8593 0.591607 -0.806226 0.000767579 -55.0826 -0.0476289 -0.0339996 0.998286 0.170981 
-0.906365 -0.418479 -0.0581102 19.7774 0.419093 -0.907942 0.00178002 -55.0213 -0.0535056 -0.0227402 0.998309 0.174827 
-0.97168 -0.229206 -0.0574691 19.71 0.229465 -0.973315 0.00214113 -54.9923 -0.0564263 -0.0111066 0.998345 0.163986 
-0.997897 -0.0294911 -0.0577221 19.6392 0.0295215 -0.999564 0.000325953 -54.9854 -0.0577066 -0.00137878 0.998333 0.175493 
-0.983768 0.169595 -0.0586352 19.611 -0.169861 -0.985468 -0.000462257 -54.9857 -0.0578615 0.00950506 0.998279 0.203274 
-0.931622 0.358489 -0.0597239 19.6006 -0.359095 -0.933301 -0.000618233 -54.9745 -0.055962 0.0208706 0.998215 0.174413 
-0.851489 0.520717 -0.0618085 19.6198 -0.521682 -0.85314 -0.000606488 -54.9812 -0.0530471 0.031728 0.998088 0.160636 
-0.773972 0.62997 -0.0640751 19.6336 -0.631455 -0.775403 0.00387286 -54.989 -0.0472442 0.043458 0.997938 0.167998 
0.861632 0.507025 -0.0227356 19.6282 -0.507301 0.861729 -0.00831531 -54.9926 0.0153758 0.0186985 0.999707 0.281108 
0.85407 -0.519725 -0.0212063 19.6182 0.520031 0.854051 0.0128107 -54.9844 0.0114532 -0.0219692 0.999693 0.326844 
0.585354 -0.810292 -0.0280675 19.5995 0.810772 0.585132 0.0164147 -55.011 0.00312247 -0.0323647 0.999471 0.341384 
0.712815 -0.701047 -0.0207119 19.6062 0.70132 0.712756 0.0113763 -55.0478 0.0067872 -0.0226349 0.999721 0.330469 
0.926658 -0.375643 -0.0140485 19.5928 0.375696 0.926742 0.00128857 -55.0708 0.0125353 -0.00647205 0.9999 0.341057 
0.998675 0.0492443 -0.014954 19.6082 -0.0493665 0.998749 -0.0079119 -55.1017 0.0145457 0.00863964 0.999857 0.404723 
0.887809 0.459516 -0.0252968 19.5618 -0.459971 0.88778 -0.0165145 -55.1545 0.0148693 0.0262975 0.999544 0.415518 
0.617135 0.78579 -0.0409645 19.4754 -0.786776 0.616984 -0.0177498 -55.2015 0.0113268 0.0431839 0.999003 0.366582 
0.24002 0.969179 -0.0555191 19.4038 -0.970745 0.240018 -0.0067961 -55.2 0.00673898 0.0555261 0.998434 0.267487 
-0.16985 0.983742 -0.0583268 19.3451 -0.985449 -0.169937 0.00349418 -55.1589 -0.00647449 0.0580715 0.998291 0.178318 
-0.563782 0.823892 -0.0578919 19.2973 -0.825542 -0.564266 0.0091647 -55.1102 -0.0251157 0.0529591 0.998281 0.140151 
-0.850554 0.523013 -0.054901 19.2543 -0.524144 -0.851596 0.00759619 -55.0633 -0.0427805 0.035237 0.998463 0.170429 
-0.989156 0.136913 -0.053151 19.231 -0.137191 -0.990543 0.00160659 -55.0058 -0.0524284 0.008881 0.998585 0.246897 
-0.966668 -0.250005 -0.0552365 19.2343 0.250519 -0.968109 -0.00246558 -54.9383 -0.0528585 -0.0162212 0.99847 0.279729 
-0.845862 -0.530287 -0.0575564 19.2377 0.531388 -0.847116 -0.00461145 -54.9194 -0.0463115 -0.0344854 0.998332 0.257407 
0.921993 -0.386738 -0.019028 19.2282 0.38694 0.922067 0.0083202 -54.8954 0.0143274 -0.0150339 0.999784 0.32357 
0.786105 0.617827 -0.0180986 19.2484 -0.618047 0.786065 -0.0109025 -54.9312 0.00749082 0.0197563 0.999777 0.41642 
0.643881 0.764784 -0.0228671 19.2384 -0.765102 0.643808 -0.0114226 -54.977 0.00598621 0.0248505 0.999673 0.399903 
0.827316 0.561316 -0.0217472 19.2257 -0.56157 0.827393 -0.00767188 -54.9913 0.0136872 0.0185597 0.999734 0.407062 
0.984433 0.174364 -0.0221123 19.173 -0.174419 0.984671 -0.000568303 -55.0145 0.0216742 0.00441625 0.999755 0.38965 
0.969017 -0.245224 -0.0295196 19.1356 0.245556 0.969348 0.00816804 -55.0398 0.0266117 -0.0151637 0.999531 0.304428 
0.784341 -0.61889 -0.0422466 19.103 0.619754 0.784728 0.0103579 -55.0771 0.0267417 -0.0343066 0.999054 0.22065 
0.465629 -0.883214 -0.0558779 19.1049 0.884759 0.465995 0.00708836 -55.1253 0.0197783 -0.052739 0.998412 0.168295 
0.0735364 -0.995355 -0.0621346 19.1391 0.99728 0.0737057 -0.000434004 -55.1737 0.00501166 -0.0619337 0.998068 0.153223 
-0.30402 -0.950606 -0.0626198 19.1818 0.952562 -0.304299 -0.00526088 -55.1973 -0.0140541 -0.0612486 0.998024 0.136489 
-0.667677 -0.742009 -0.0602519 19.2234 0.743625 -0.668559 -0.00704816 -55.2345 -0.0350522 -0.0495108 0.998158 0.180142 
-0.903663 -0.424321 -0.0578412 19.2704 0.425426 -0.90496 -0.00774471 -55.2459 -0.0490577 -0.0316057 0.998296 0.229385 
-0.997199 -0.052089 -0.0536693 19.3248 0.0524378 -0.998611 -0.00511137 -55.2331 -0.0533286 -0.00791136 0.998546 0.245004 
-0.959378 0.277901 -0.0486208 19.3585 -0.278267 -0.960503 0.000789438 -55.2106 -0.046481 0.0142869 0.998817 0.233709 
0.953015 0.302642 -0.0130637 19.3669 -0.302716 0.953072 -0.00409654 -55.1881 0.0112108 0.00785864 0.999906 0.352578 
0.826431 -0.562725 -0.0187684 19.3367 0.562954 0.826424 0.0102994 -55.2049 0.00971491 -0.0190775 0.999771 0.468491 
0.771971 -0.635323 -0.0206409 19.322 0.635604 0.771921 0.0120749 -55.2422 0.00826165 -0.0224409 0.999714 0.475762 
0.896943 -0.441793 -0.0176799 19.3059 0.441986 0.896977 0.00895685 -55.2863 0.0119014 -0.0158481 0.999804 0.468507 
0.988852 -0.147522 -0.0202161 19.2387 0.147586 0.989048 0.00171124 -55.3306 0.0197423 -0.00467578 0.999794 0.467235 
0.98652 0.161259 -0.0278303 19.205 -0.161349 0.986897 -0.000983049 -55.31 0.0273071 0.00546018 0.999612 0.417598 
0.890165 0.454129 -0.0370508 19.1954 -0.454495 0.890747 -0.00168166 -55.2724 0.0322392 0.0183364 0.999312 0.355998 
0.709623 0.703095 -0.0457436 19.1997 -0.70383 0.710368 4.73335e-05 -55.229 0.032528 0.0321621 0.998953 0.342033 
0.462471 0.885171 -0.0509304 19.216 -0.886352 0.463011 -0.00133383 -55.1967 0.0224007 0.0457591 0.998701 0.292381 
0.171471 0.983606 -0.0558221 19.213 -0.98516 0.171629 -0.00199067 -55.1687 0.00762265 0.055335 0.998439 0.253536 
-0.133908 0.989297 -0.0579635 19.2261 -0.990938 -0.134294 -0.00279699 -55.1087 -0.0105512 0.0570637 0.998315 0.250533 
-0.420108 0.905634 -0.0577669 19.2543 -0.906987 -0.421116 -0.0059636 -55.0722 -0.0297274 0.0498885 0.998312 0.249957 
-0.678375 0.732249 -0.0601591 19.2754 -0.733251 -0.679917 -0.00746591 -55.0586 -0.04637 0.039047 0.998161 0.237556 
-0.867178 0.494458 -0.0592784 19.302 -0.494876 -0.868922 -0.00843806 -55.0455 -0.0556806 0.0220182 0.998206 0.27045 
-0.97538 0.213062 -0.0569148 19.3275 -0.213056 -0.97702 -0.00622906 -55.0425 -0.0569341 0.00605036 0.99836 0.257932 
-0.99546 -0.0785446 -0.0537566 19.3724 0.0788831 -0.996875 -0.00420111 -55.0552 -0.0532586 -0.00842252 0.998545 0.259888 
-0.942443 -0.330826 -0.0485311 19.4181 0.33134 -0.943507 -0.00273559 -55.0792 -0.0448844 -0.0186584 0.998818 0.26841 
0.926945 -0.374961 -0.0133285 19.3984 0.375072 0.926969 0.00702913 -55.0991 0.00971948 -0.0115148 0.999886 0.40118 
0.799255 0.600809 -0.0148363 19.3783 -0.600977 0.799167 -0.012589 -55.082 0.0042931 0.0189781 0.999811 0.442591 
0.772084 0.635281 -0.0174243 19.3789 -0.6355 0.771987 -0.0132652 -55.0788 0.0050242 0.021315 0.99976 0.42321 
0.904498 0.426137 -0.0170314 19.388 -0.426331 0.904513 -0.00991485 -55.0766 0.0111801 0.016229 0.999806 0.391685 
0.994372 0.104414 -0.0179236 19.413 -0.104539 0.994501 -0.00620617 -55.0517 0.0171771 0.00804496 0.99982 0.351409 
0.973424 -0.228167 -0.019626 19.3895 0.228124 0.973622 -0.00445152 -55.0103 0.020124 -0.000143941 0.999797 0.294995 
0.844461 -0.53513 -0.0228485 19.3545 0.535216 0.844711 -0.00267474 -54.9828 0.0207317 -0.00997019 0.999735 0.260682 
0.62225 -0.782293 -0.0286861 19.3146 0.782599 0.622526 -0.00088813 -54.9866 0.0185526 -0.0218971 0.999588 0.219846 
0.332426 -0.942414 -0.0367327 19.2886 0.943044 0.332666 -0.000471547 -54.9905 0.0126641 -0.0344838 0.999325 0.202068 
0.00901055 -0.998918 -0.045626 19.2833 0.999958 0.0090735 -0.00117245 -55.0309 0.00158518 -0.0456135 0.998958 0.165608 
-0.30843 -0.949982 -0.0490315 19.2865 0.951125 -0.308806 8.96342e-05 -55.0765 -0.0152264 -0.0466074 0.998797 0.130518 
-0.603286 -0.795907 -0.0507672 19.3126 0.796789 -0.604241 0.00449058 -55.1118 -0.0342497 -0.0377416 0.9987 0.12462 
-0.828089 -0.55813 -0.0525298 19.3491 0.558416 -0.829496 0.0104444 -55.1403 -0.0494026 -0.0206846 0.998565 0.138403 
-0.963643 -0.261605 -0.0543575 19.4125 0.261154 -0.965175 0.0153624 -55.1609 -0.0564834 0.000608186 0.998403 0.151455 
-0.996852 0.05558 -0.0565364 19.4724 -0.0566545 -0.998239 0.0175825 -55.1542 -0.0554596 0.0207302 0.998246 0.0958873 
-0.939617 0.337658 -0.0557434 19.5414 -0.339101 -0.940567 0.0185668 -55.1417 -0.0461611 0.0363483 0.998272 0.0858776 
0.900734 0.434 -0.0179535 19.5741 -0.434212 0.900754 -0.0101519 -55.125 0.0117658 0.0169398 0.999787 0.219749 
0.818151 -0.574942 -0.00835261 19.5313 0.575001 0.8181 0.00925606 -55.111 0.00151157 -0.0123756 0.999922 0.374954 
0.750046 -0.661295 -0.0109868 19.4759 0.66138 0.750004 0.00833737 -55.1486 0.00272665 -0.0135198 0.999905 0.453259 
0.868385 -0.495751 -0.0117318 19.4231 0.495817 0.86842 0.00343731 -55.1572 0.00848405 -0.00880172 0.999925 0.462485 
0.980381 -0.196428 -0.0164202 19.394 0.196402 0.980518 -0.0031821 -55.1184 0.0167254 -0.000105288 0.99986 0.438062 
0.991652 0.126576 -0.0245768 19.3657 -0.12684 0.991878 -0.00946654 -55.0879 0.023179 0.0125048 0.999653 0.373664 
0.899223 0.43611 -0.0347405 19.3753 -0.436757 0.899478 -0.0135438 -55.0503 0.0253417 0.027352 0.999305 0.354939 
